Ocak 5 25.50 500.20
Ocak 12 10.00 1200.50
Ocak 24 2.65 475.55
Subat 10 150.00 2048.00
Subat 20 50.50 1024.00
Mart 3 80.00 4000.00
Mart 15 20.00 1500.00
Nisan 1 5.00 50.00
Nisan 30 10.00 100.00
Mayis 19 200.00 3000.00
Mayis 25 150.00 3000.00
Haziran 1 100.50 2048.00
Haziran 5 200.00 3072.00
Haziran 10 500.00 2500.00
Temmuz 4 12.00 512.00
Temmuz 15 5.50 128.00
Agustos 1 400.00 4096.00
Agustos 14 300.00 3072.00
Agustos 30 100.00 1024.00
Eylul 10 50.00 1000.00
Eylul 20 60.00 2000.00
Ekim 29 100.00 2500.00
Kasim 10 20.00 500.00
Kasim 24 30.00 600.00
Aralik 15 100.00 2000.00
Aralik 28 55.45 746.65
Aralik 31 150.00 5000.00